29 19 07 06

0 19 4 5 10 18
6 29 10 13 1 9
5 4 8 7 2 6 11 12
8 4 28 15 0 22 3 12
27 24 16 17 9 13 6
5 11 2 1 21 3 25
1 31 4 19 26 8
13 6 22 0 9 13
17 8 2 22 12 20
26 16 7 18 4 14 24 10
30 19 2 14 31 17 
18 11 15 24 25 19 
27 26 13 20 30 28 
18 5 8 17 28 29 14 
11 12 3 1 2 13 0 29 
30 28 20 9 7 21

00: 2 3 70 71 74 75 146 147 150 151 290 291 298 299 
01: 38 110 126 127 286 
02: 39 42 43 54 55 111 138 139 148 149 202 203 266 267 278 279 287 
03: 58 72 73 122 123 270 271 282 283 
04: 10 46 47 59 62 63 102 103 118 119 186 187 318 319 
05: 11 44 45 106 107 258 259 
06: 6 7 22 23 50 104 105 142 143 
07: 4 5 18 19 26 27 30 31 40 41 51 182 183 284 285 288 289 294 295 314 315 
08: 48 49 60 134 135 162 163 260 261 262 263 
09: 20 21 28 29 61 86 87 140 141 154 155 246 247 264 265 280 281 310 311 
10: 12 13 14 15 34 35 144 145 152 153 194 195 
11: 36 37 56 98 99 108 109 214 215 274 275 
12: 57 78 79 82 83 166 167 276 277 
13: 24 25 80 81 84 85 100 101 136 137 158 159 242 243 292 293 
14: 170 171 178 179 206 272 273 
15: 66 67 207 222 223 
16: 94 174 175 180 181 
17: 52 53 68 69 90 91 95 160 161 210 211 250 251 254 255 312 313 
18: 16 17 176 177 212 213 252 253 
19: 8 9 114 115 184 185 198 199 226 227 230 231 
20: 172 173 244 245 306 307 
21: 112 113 120 121 316 317 
22: 76 77 124 125 156 157 168 169 
23: 308 309 
24: 92 93 190 191 218 219 220 221 
25: 96 97 116 117 200 201 204 205 216 228 229 
26: 130 131 132 133 164 165 196 197 217 238 239 
27: 88 89 234 235 296 297 302 303 
28: 64 65 236 237 268 269 304 305 
29: 0 1 32 33 224 225 256 257 300 
30: 192 232 233 240 241 248 249 301 
31: 128 129 188 189 193 208 209

