680372 850212 87028 851363 678354 392292 983840 743236 289518 
433740 852400 824808 865620 552435 862910 485361 82830 628270 180293 
598954 451722 930830 823097 202772 504114 292518 663330 92260 799918 
20794 507749 480290 871006 594777 331654 549361 987070 315494 292598 
276588 749235 144999 101397 614856 697434 964308 100217 780265 592578 
280511 379220 44301 211342 202318 247073 715457 494836 910403 807718 
294754 931198 315467 775045 802205 910245 106699 351566 897316 422194 
644165 173904 171429 789164 275302 786285 486599 239610 886503 266865 
832189 167015 646085 876490 378357 848403 123564 93815 343240 33968 
901533 637995 965166 217000 413040 767371 127246 519740 118938 24562 
941934 763104 198467 113364 552269 473769 899649 38869 713380 786153 
305734 545569 953169 951820 422060 331526 800224 545625 425342 143465 
579594 326875 781461 544760 543876 194502 312132 671122 714242 431071 
695685 656177 194175 894152 769541 746445 367922 669191 785314 81302 
455344 91049 626872 408514 42870 48932 740041 843094 594557 165383 
986560 174151 492258 768021 718912 36135 962523 31045 707258 676766 
462117 402943 332943 656293 297096 102484 402738 665019 771675 188052 
746321 227020 279102 373193 635534 321972 422126 375575 165067 16684 
540959 151627 190836 33217 919649 909749 69352 882172 940794 776611 
558939 402911 179554 891882 59204 476650 994367 461943 141669 766043 
649995 887991 993064 929098 261185 628599 251070 683312 4175 416137 
699996 545134 567764 890833 578352 487413 800582 647705 369586 741377 
424316 928526 144288 603870 820409 203493 80521 814776 665437 222191 
580820 315433 110183 573885 244531 371369 202484 495601 54681 206659 
911738 754678 751793 479503 645511 330145 966917 446093 977850 336504 
187470 402167 265030 331759 6037 85440 535253 86559 900217 200690 
308750 481037 516123 418934 54922 760654 790303 257407 256256 844984 
464066 167995 599662 215860 647499 245173 546006 614417 691267 523857 
950921 878737 926024 215952 210496 932061 301393 745750 18621 201610 
946440 327372 682647 462564 746306 737570 223219 536609 994977 479475 
381594 459044 647471 981256 674904 294970 226430 220910 909387 917697 
744767 860309 796435 670791 76262 6932 602853 377655 752682 621474 
579266 699122 948847 261914 161687 695153 999484 384906 231763 994462 
864382 613357 453506 511853 594614 128411 806824 821044 349321 716212 
738742 94089 576522 535177 764881 652785 542110 367734 30441 294792 
989209 609707 993915 938056 871621 155602 633210 871105 540509 864973 
865568 404891 478330 319075 916745 72945 447486 723570 893989 796807 
439782 632732 890897 16305 167910 655778 669090 710020 23513 699531 
4812 12722 309239 998727 950779 180860 154330 583989 51966 694839 
448963 917534 99731 927293 236609 16477 239 684095 740047 894228 
480903 179830 526961 371801 196136 694871 27579 865227 404892 51092 
564759 409704 63815 873998 408432 14595 54858 562763 598585 106825 
257603 47548 24360 357335 974842 260969 373812 975081 945065 113860 
869310 425969 293691 396271 797770 489827 91143 825350 355054 496035 
876442 919813 905739 940258 793812 314172 954853 848670 876935 553438 
955495 134539 600987 979856 491874 575829 240825 865686 550910 185891 
979547 420220 611861 273238 816492 409632 763065 907635 234982 118120 
403670 111425 37934 309410 51683 831746 623583 6537 680416 500519 
559976 635912 635058 160963 615768 126932 736792 856594 992619 287702 
42486 972166 707923 654348 245404 524416 63980 8470 432051 298963 
126590 835722 410388 164524 145133 462072 996270 768716 468609 676687 
269236 28585 312600 904294 189548 928369 31227 926341 784964 23846 
214044 827451 996012 921967 481799 241417 446383 545780 249887 878435 
844743 376477 714158 255132 541002 859291 717205 537272 628008 185814 
213960 897244 214400 526561 801539 403949 454930 832766 330290 239895 
856612 544334 67346 852625 466302 549145 94042 912686 94926 343929 
791121 939670 720407 505279 194802 261409 364571 912007 798682 992579 
97822 12643 889824 312223 539204 691363 716172 994135 524129 46463 
234030 380742 590798 301376 233367 57101 850522 327410 969787 945448 
671339 760909 885118 391747 266189 79920 653156 630760 991928 451839 
623340 89751 464482 513164 401974 3686 204528 118147 997821 728657 
164611 231851 109400 755409 533227 342768 812510 383749 670178 782298 
329198 341518 543208 214316 733265 809397 294237 386422 440158 286165 
838261 63498 375916 302743 576663 777891 306430 781191 896038 304252 
509849 60649 536103 619249 816059 69331 962017 628570 453081 632196 
410868 782279 973714 954076 996596 706980 763474 290833 93402 203632 
576999 931664 267131 952915 234407 843794 730807 540838 624985 626845 
845090 134834 687495 381193 754083 503554 450525 716101 132124 903607 
348297 542993 685886 322012 497069 682482 28992 260544 973316 122395 
464176 550315 54059 731307 503231 288466 575102 234038 829305 200087 
860884 674395 334921 548379 55589 89005 51933 506114 805107 184058 
409721 153404 727051 95608 475416 224121 778091 504409 484665 751407 
626804 948842 301723 680863 680150 804954 969330 255252 38993 798635 
455340 899877 473030 790262 448256 528620 879267 500190 34734 684374 
684249 444456 837779 411300 540064 313196 635421 318156 817606 120087 
69563 444410 68929 371287 125274 749080 176241 94605 4332 215234 
893240 459672 115112 366271 249934 563368 894891 129202 63559 929626 
813577 747808 374082 651356 159109 914147 964553 794530 232303 782159 
914618 301867 226570 983547 673154 351844 732627 849396 446449 736960 
64630 339690 196633 179742 705962 446567 743111 600853 575770 806671 
530479 389347 554480 904562 40704 713589 818709 5257 508120 51013 
787417 422738 352880 13987 406286 26035 365832 138914 875431 812282 
875875 940062 151973 72508 119805 857935 519075 862917 458789 94845 
669588 989268 484193 224068 893831 524897 937658 712541 530155 445778 
763554 317572 868517 116435 331560 274803 142470 697393 413718 17902 
509675 289593 957965 661649 362101 77770 519584 881177 940687 978373 
976022 610275 967642 460215 834344 861473 985113 772003 574015 515268 
217781 337569 832840 86298 454005 164401 361102 596475 861794 774820 
614378 371470 64414 572343 33119 426515 650113 552704 307692 590801 
531078 283715 201077 498720 743931 35422 360194 729044 807425 934209 
244312 25206 271779 77153 111505 725784 241554 472608 322260 103349 
247428 936639 474820 311842 508982 507940 738358 159096 60644 46050 
749897 591722 329766 950975 90443 73697 986397 450638 802741 793822 
384847 47054 819028 656627 124208 930534 382411 365763 403142 704672 
469112 650571 641311 943933 962414 150294 451873 700772 309390 512517 
746823 59288 104240 76589 10263 194684 150286 996660 645322 953028 
790482 30170 83 609511 686797 124291 540046 69209 490055 943188 
773882 959167 593760 415193 903100 556174 565487 354974 256946 874878 
867492 3770 934166 971732 80359 944429 166416 230646 941090 811739 
183675 731573 841909 183759 341084 528707 308051 881131 597916 798106 
824319 371799 757273 418080 786992 660374 974254 352480 15349 231201 
227358 882841 234971 161524 854573 315331 105954 20990 545978 47044 
832729 729654 778617 674639 913413 119702 203346 221464 834 801263 
19570 825153 173062 776844 243234 960054 437219 217488 312535 452568 
448689 539893 335409 683661 701417 189983 998993 807372 210974 544971 
854416 43704 274626 633034 718343 188040 752737 921689 409504 753571 
722953 429075 578725 896015 205920 821959 856070 643140 39448 168605 
95708 488137 708498 431118 171799 409916 621102 170792 217288 832076 
715764 71705 875780 990391 704740 594124 178431 457478 515814 587936 
211049 238767 17011 789775 134783 222932 611734 990853 866072 651182 
159459 961781 139320 867958 392900 311120 277874 14002 481913 495163 
846079 197678 566869 721860 188069 271610 315984 366500 729088 831798 
954436 940137 70566 971448 729913 205349 194380 341648 196203 60453 
992831 355662 22234 132151 223620 415135 443272 501495 429137 925185 
996659 275217 122863 563528 997077 310932 835138 313062 677433 564227 
144861 631870 504364 215427 603318 234278 420776 797699 575926 616979 
858153 568757 972642 880388 700909 196262 295523 144181 697757 724661 
69366 694417 999878 192230 257945 996955 503163 93084 310018 180597 
657311 454879 812467 161676 670306 415786 395954 91083 213485 971881 
708063 71638 540638 680705 952027 241547 876967 247550 385729 574725 
972211 455095 269142 972089 647326 527088 969045 150490 620172 279063 
331087 277484 733942 143554 439161 404249 559340 835115 495332 772826 
806996 203395 844465 347635 884100 796492 589182 761068 44042 974911 
335793 16254 430007 604936 988344 77334 132024 957389 227824 752197 
236453 558911 29681 970396 702466 468842 374645 261806 303958 869978 
34632 110955 73374 879098 458590 957474 675590 47773 718543 719633 
22685 54336 735887 452693 659272 724231 530027 791297 681621 757852 
543494 918074 316763 573175 888471 19229 42017 263117 281036 345976 
133095 315669 456931 206469 194767 915521 163944 870357 963295 882487 
589991 985980 936824 325878 438673 596096 50110 968701 387393 731731 
726553 930887 649806 43317 504063 538277 62547 546081 801394 343583 
892057 934490 659252 348988 140959 854020 264510 304904 724378 227806 
187391 314369 213786 124215 640248 652460 720312 690358 621161 107706 
422090 347715 38593 71896 391032 542657 610174 453579 88738 411569 
797163 980796 346059 456416 329784 487019 310436 594295 791923 34815 
822101 979315 349184 35888 103530 989432 688348 823843 679791 309510 
931549 101881 657225 970143 173778 48258 512800 783952 501837 601539 
195522 299001 582335 541581 755417 912120 28600 65854 506415 820524 
100669 328517 799839 449854 364405 903370 439287 52754 727213 119078 
362264 658762 220960 19490 628905 394738 67748 141706 178691 569586 
743245 374213 868587 325580 915794 624005 237700 944395 689860 744115 
764920 790530 72633 564759 240384 437039 468129 679671 489794 195343 
798750 852058 854105 19710 871549 483011 414448 939298 624717 593140 
508884 367962 967353 377472 693542 883148 1477 931242 827543 691338 
675358 592463 481868 747991 157223 722252 185031 625353 401924 674825 
820696 200674 526884 674802 220385 398433 157813 634833 337731 782530 
227974 846616 150492 195327 224088 844034 78475 225566 775277 906019 
916904 450635 498483 398772 198627 655706 121025 383658 281060 522949 
58483 101756 723624 585368 776558 944009 983801 934372 578843 321533 
716902 806817 168149 867394 2144 392237 711429 80620 617804 486707 
986639 534708 937342 485122 933481 135969 140828 54506 519628 421889 
577456 578112 523645 301080 163480 300204 245090 147282 234576 823933 
468815 951478 630750 636965 818873 632895 29202 530303 713515 647007 
17010 700154 181715 954353 185277 115196 90323 326105 169703 609951 
747994 747159 188064 271640 48240 351544 571845 293330 498826 806421 
117264 967642 757900 748014 604607 576774 380910 633810 107078 94425 
280817 124088 794580 462532 78442 979857 577729 168765 305963 747433 
778716 53958 494592 966781 325599 542833 318325 897444 836164 817152 
703865 953428 784794 461766 701443 389401 38540 82353 23211 145619 
176779 304028 269707 971359 766561 348149 951217 344290 516915 257180 
91723 295632 311139 586316 262413 636738 129150 580738 534182 965314 
397891 238048 918743 182685 699814 620186 572086 738355 702539 595297 
883974 879319 899326 153682 850678 665887 501832 801896 10178 18747 
59076 101902 314379 370215 688219 576793 6954 817369 157532 541136 
782684 555423 779184 701427 738108 478998 321613 310194 217354 24153 
905492 101328 903472 804819 255011 754151 470706 756844 556047 480885 
775591 615124 582787 89971 985340 271006 666765 992294 88376 824297 
533430 871061 379720 312615 572489 117828 791613 894103 428023 8968 
918256 333516 110297 821729 138335 365308 575881 609042 122152 131928 
89927 897744 747053 672715 987716 732393 943722 654481 724688 32099 
478778 258119 903160 858499 570734 475649 976327 362347 369752 404351 
371316 288009 737868 481613 109739 876203 846922 685620 485246 969074 
817549 575174 866819 564602 247889 854536 296996 191612 509017 21684 
223711 987796 279803 126871 846295 850537 602521 822623 212885 972274 
226974 584201 260284 964842 65815 370023 841046 912737 55643 326293 
881812 873192 901467 748631 437795 149357 603168 734792 340969 112186 
756476 564680 99982 36280 691552 946278 886818 294074 768901 99704 
266348 995876 683906 526633 960718 749721 896656 801765 662458 952300 
128058 544270 825493 29526 292902 263288 178883 896071 998080 519853 
8257 754557 84534 108239 790838 776086 54517 677656 70161 823419 
777360 336509 819295 461266 863142 780014 210988 759799 581779 873446 
712099 709838 417717 537592 739365 710620 800881 918248 606691 798961 
438102 614948 553519 522636 723188 344357 298722 777705 22013 368883 
601125 799374 705393 420420 260641 568536 200434 471629 328336 782214 
345076 40435 492053 762793 578028 231418 473413 378909 149667 80105 
177870 587769 695053 731390 110405 418241 75747 409128 195947 97761 
778012 797073 897135 483406 217493 157777 51943 417928 629406 380279 
200143 974482 420714 692196 737276 998742 923615 210690 377652 73282 
290795 555522 661052 985849 286913 771458 404091 362660 180587 600039 
460421 958599 397112 357557 442006 614605 515334 493949 32534 144741 
874229 232677 119223 294944 924874 856499 293686 848489 67189 671339 
921772 357985 226861 582825 343834 513775 354283 747926 876435 534871 
347965 336857 493471 745077 694414 935477 359683 209749 429427 392217 
354490 303656 624895 473713 598600 549769 330213 892287 398259 397403 
563626 320032 755389 790488 902858 99224 304263 257142 847150 180698 
792013 195115 517555 285484 940193 211970 220961 299876 421719 650388 
692094 776210 954045 316990 249923 552645 866760 580137 444932 265019 
977541 8558 585052 732930 799046 487910 832154 103309 745052 679304 
284008 537066 874420 801564 822550 814613 13534 43512 114490 435254 
693901 806584 211464 647946 123574 461388 200591 990334 41526 645523 
255354 19067 654082 840407 751998 453128 328317 584153 556438 73370 
263458 840447 610436 137878 642011 432987 952492 655546 476500 66982 
90801 170401 873567 302265 818347 997141 763654 18939 987476 805180 
664463 242830 824248 318545 83238 576247 771674 411555 160400 328113 
484926 423859 168560 95363 561738 810572 528351 514230 466118 4851 
581212 556919 175252 454780 859185 993600 451921 622839 12540 439398 
428020 677003 682229 252269 995549 765467 828516 767223 177022 988917 
95337 661949 412777 263897 757313 974515 74470 285664 488745 540588 
290515 69958 97508 465768 524738 956694 459369 976660 579534 471909 
416058 7555 148913 98288 259824 144462 863755 88341 911686 40778 
77259 7023 702727 490036 270921 460040 464552 345391 745704 953298 
885980 36220 23257 983489 501988 547996 940183 961358 524656 519717 
433268 940715 527272 582181 39003 787097 726644 902759 875438 638330 
943537 952698 645354 646264 442735 916276 106305 907287 261668 852010 
860585 147648 888230 883842 131138 390219 431838 71321 351578 956495 
591039 784846 897211 118312 367027 936215 905409 93671 838974 780848 
732002 782511 733546 377356 428776 176281 293632 535081 83568 555300 
387091 944154 702949 275322 827996 834087 665542 259835 905409 17120 
216331 496448 801966 113542 614760 168993 49758 520170 262665 888732 
301018 994667 671243 34565 372024 100020 210846 665656 635101 294415 
220957 22193 238569 923907 297516 66566 757995 963058 326402 663404 
980178 542733 159853 782145 656276 774613 951138 706034 294784 213804 
594766 595802 208471 266010 630367 580495 366031 841214 246152 1132 
135629 467110 23326 374199 391018 320843 440766 149013 283901 767168 
812417 264080 309901 972270 46225 966178 746884 997364 672212 41669 
211169 266979 637471 419641 532990 267839 137 899021 109054 246289 
900154 244683 713400 923481 618883 104418 244324 59649 253432 528226 
826817 65849 792306 136719 38120 838532 102897 785005 835897 775110 
826674 47066 42089 464146 466707 575079 731986 466844 474100 841040 
713134 374255 85724 426535 297736 704607 530954 542060 764256 784386 
70286 591074 850236 862593 727794 888356 701125 830691 673362 537022 
605801 500037 584089 647891 964184 50797 222970 696170 517641 697071 
537211 230776 71326 622935 657311 369062 327542 188265 911123 91799 
972651 981409 682874 822887 844002 410668 711244 545127 241360 384607 
82150 847161 884644 666240 495052 848829 717037 718023 544999 234679 
415094 82211 465455 486421 705146 122767 855484 32689 311032 766607 
124489 283684 748016 807363 106572 592019 218032 817817 137147 459392 
202424 219298 306554 87069 885538 801606 935898 602575 519630 480898 
837255 934725 563109 302710 421146 268255 425477 276631 300945 736510 
43238 425434 20195 791255 232798 126767 383274 450830 944584 520422 
910223 147008 739720 216777 234078 625258 18384 169976 227834 538014 
650875 65090 472739 213984 367800 893886 482240 793278 170517 783185 
529788 213755 208620 549983 5011 441418 676751 388286 892249 621335 
908708 802472 768344 648428 19249 2422 273687 37634 172399 501522 
575648 823274 566612 48387 37258 934413 942274 519499 727691 112791 
302685 257480 326547 511305 807464 331559 952724 484215 719845 844973 
105551 628553 647446 873895 276982 666696 876318 550670 704330 48717 
52192 279978 871991 618805 328366 909250 553218 270641 428750 280910 
383432 731435 538390 709980 242741 345855 41539 195465 830070 761384 
40439 935622 389938 687886 809517 666920 354583 685836 217590 58913 
734553 269783 338892 606545 888589 667259 515796 441807 937900 944547 
722718 321333 675982 261109 31313 918724 606964 72853 114190 437035 
834237 154630 372657 224176 842516 182175 891097 197099 868011 108688 
256013 602565 378471 594905 209111 267060 262165 724908 708868 200065 
669455 431586 521398 345438 692695 552712 264162 299660 625565 378352 
736696 459803 532982 109353 683980 375499 291529 575077 572598 159540 
683765 828611 762106 62237 423517 971217 329298 685682 696125 38166 
885747 365581 469753 407146 711019 162449 959859 975181 462109 585425 
353534 198805 45229 886517 308159 729209 262016 599688 304286 834615 
759229 988052 663227 521336 50289 86744 492554 379588 772426 188680 
417754 658174 554261 887508 65321 265280 49957 25181 240462 512067 
610606 593997 710873 655835 480514 19033 385045 742531 618722 689332 
577146 377951 677384 240373 899288 727674 327118 391842 107262 99545 
580522 525017 757720 134783 412525 823041 400064 462483 848223 640526 
974551 458829 234523 685424 114665 715038 704457 499710 457569 323179 
189042 34715 701131 866427 275089 600420 594101 602208 992262 701364 
701753 572785 226382 459473 707568 638908 282515 107632 101391 130738 
748159 75942 589567 982683 761367 704233 697721 465824 203943 155290 
789004 392986 190006 490136 259413 465096 90556 853515 67304 82819 
554880 769057 655604 781262 228530 363172 420170 511046 470805 521562 
641784 218965 597504 231352 201648 358872 935585 899369 824696 139529 
54659 613701 532516 244666 103837 791929 709762 194394 645445 777066 
277213 200326 546123 932817 981588 774654 295990 401759 285700 766795 
923322 927485 985760 520827 158838 187408 879699 94424 86778 704396 
233954 141437 318097 766470 386103 421935 558399 95865 616329 203845 
872932 893542 404171 419055 826359 385760 193710 122350 787520 479411 
889145 710842 406897 874906 231669 565735 62315 111368 660159 149093 
815764 894113 290531 133861 660583 676635 555797 218983 772501 172126 
422829 645433 65668 827001 64489 892028 212761 258199 14378 281 
737611 903524 711123 144508 778431 942793 710243 840747 54161 370403 
989841 869926 264517 280372 3788 925101 957008 559585 144085 729509 
731711 566914 374943 797380 393915 439432 689409 606677 697632 703788 
606959 435243 607313 318082 579752 385745 260876 289996 226492 315037 
660399 216333 184964 924917 496706 188752 850018 453714 748337 994104 
183224 480049 561018 558167 277430 954934 997599 966839 561612 695231 
670628 168571 130475 277941 486654 710227 663686 747530 223 890179 
62568 660623 106513 247532 585540 603219 436285 435559 56934 184622 
429663 240158 664672 990682 798325 942102 945616 795925 908942 507229 
491157 579571 675800 621632 857513 162455 331860 521200 909985 332084 
411379 972553 992707 517892 220086 578248 121112 656371 13807 178046 
840994 443470 418204 505667 434152 216530 447769 379769 12455 356712 
886998 503613 936284 562799 125245 793797 725254 457106 314998 635240 
789190 726377 607794 781898 244270 827881 360146 365382 484252 373953 
543429 325247 817424 961634 830914 251576 178164 278684 631346 190620 
635397 518345 694233 571681 81144 819479 365479 806399 276585 680477 
441640 65776 406855 49435 847674 651125 877316 207820 16508 361568 
581774 559938 686816 399198 521572 517730 650774 699736 796414 282120 
890357 431811 800466 584590 3492 881611 404070 368972 688010 680655 
49449 129651 746432 456304 179086 594106 107430 56403 801927 123939 
417972 383701 683877 104788 782899 205449 622518 433674 905186 418932 
715795 795543 850744 516261 380134 854236 397872 784204 223209 85883 
464860 272658 215534 211292 728963 394621 805399 836394 451024 607326 
960333 868996 991027 644211 973784 773927 849661 596302 207601 754847 
15235 923396 550391 865979 439657 930525 720216 837530 714729 943425 
923413 179590 216084 138947 390883 945047 533569 196282 781442 984593 
803609 741775 853590 794637 385987 827374 568564 235648 423677 776166 
990495 438913 699562 540886 304893 139220 471412 25110 976750 186142 
968536 900164 365732 184620 39112 756615 129668 572681 952898 911110 
557275 756507 652886 410865 551145 38873 238240 119709 274522 661918 
895876 265017 100831 595439 805904 405725 734659 277316 430835 711410 
463458 399371 611574 829191 583991 650686 585806 713660 223368 538705 
624771 780643 295213 277657 191509 846358 316531 429750 966068 591053 
91668 861944 856071 192500 457383 661975 598225 192043 939291 29061 
903454 402750 428432 515029 231941 12424 165715 817748 726085 389084 
356453 350856 169728 651667 628513 361237 498025 945045 790987 464094 
536098 882656 326039 392169 75157 783422 54144 673382 975466 993436 
702444 878920 396187 130877 393949 628128 143301 559665 445877 869386 
948750 802330 220243 118478 453998 848756 479716 952024 793801 270703 
416118 329900 153360 742157 722069 228517 525580 776214 901900 501046 
769650 604344 379967 165838 735221 773917 793966 878523 333582 239843 
747910 282332 42174 968153 400811 496173 816910 880527 448197 610712 
151231 864315 940612 304591 606472 662681 533109 132053 438896 435009 
633099 208547 39354 13067 374385 774576 786984 168352 653099 120566 
408195 401010 402899 450370 369163 803710 946543 186074 684238 394740 
796786 835469 259056 737399 140061 865529 400081 673170 997582 838977 
108180 630682 47524 147534 643749 421909 922110 430733 590261 575210 
551300 998457 976220 954200 448828 345384 757911 395372 531458 442149 
790113 328245 277619 49169 65644 417680 914699 465725 90850 912281 
304702 199031 542964 352227 346565 186714 774136 268676 617448 364398 
843887 168748 362856 820107 122949 811684 165492 880860 207057 696951 
323010 997170 25196 600629 46340 90841 18310 961039 556567 109161 
873321 861269 308192 416286 213497 654757 603000 987633 923434 220448 
352032 767321 389197 714889 587429 512146 526574 752921 393007 733631 
449873 716017 730801 475070 316647 777142 565911 334957 738182 122478 
444118 611503 983748 752310 27789 197245 407068 630789 184879 330503 
851238 536912 97824 240435 251801 685254 752581 778375 438176 145589 
512006 888049 861606 242808 363119 178254 19950 929031 513211 758132 
51510 957330 369636 35258 709641 397426 232504 116710 28216 417383 
447213 879454 954295 545038 119889 206096 230292 872471 984472 668469 
18060 496478 556518 879667 739287 919638 57921 759238 848670 571133 
517370 900180 528464 887007 935439 238106 284433 167943 354816 312649 
585326 802030 192104 539622 347068 311994 745719 577361 184465 730191 
245830 202526 226670 802349 82193 965957 721988 140115 725195 570658 
711249 242566 470838 239713 129574 406278 477819 414008 574221 832636 
726657 159548 634666 918762 699171 981734 230756 444891 559096 415222 
175082 804927 617748 401753 607276 699942 367711 329264 840057 92907 
899923 551307 335474 370762 791020 465048 777040 268840 879057 351261 
101476 605715 510810 736143 524477 209981 717878 755233 654872 276974 
170455 829955 81901 788203 231709 689178 488146 599420 18443 328203 
692328 918366 879510 27802 289128 670531 492851 66169 939372 371909 
417431 40849 977624 928241 776992 502101 138222 494871 257334 793095 
771845 427790 623050 853747 215994 854759 542925 704140 454180 561368 
32344 146508 479735 911855 174311 768864 582387 667163 835033 521759 
39072 252464 562609 16696 180705 339602 518798 318928 834473 776133 
112023 606318 203923 735074 460066 419918 589833 2991 124058 44014 
564360 156403 190523 44096 68258 364835 812960 650646 31999 647994 
172405 71072 900458 735015 87769 81164 74617 606567 400092 909090 
382700 512116 515409 586624 247190 975475 6542 837024 978467 130601 
881038 542827 287004 71562 586924 355263 436397 399884 5909 468396 
47878 178315 539468 948337 913330 627237 29501 987948 233805 429594 
897038 616505 941710 412447 203129 188901 387923 209671 25925 366390 
340273 906964 909218 627277 978526 496142 982541 414923 896027 988451 
883320 943906 166766 422789 892243 80097 50026 921745 68046 283831 
351339 965084 900337 293050 377532 103466 481951 765455 313138 507876 
131846 653412 414840 41064 280689 393367 537207 263231 808290 433234 
251682 691610 377141 418449 114399 269384 498547 164426 191129 566593 
448258 542469 531677 348596 835519 909210 452063 317471 674666 765201 
825348 806512 418613 240188 847577 699303 633556 384784 962535 441846 
818019 214217 133457 195160 632667 247857 464545 131214 412284 655675 
697807 860543 198144 229485 209139 33664 138696 661202 351135 813362 
426404 176484 619874 845018 416672 467452 544321 50228 852236 506857 
492075 670255 721075 625533 865416 353742 873390 329961 484956 285675 
985636 182764 146218 183781 412250 355357 217445 550946 16559 568581 
364308 442963 745065 984183 287981 161738 451635 832303 211967 303872 
339160 704043 974128 60235 329576 839544 413978 202967 169506 898935 
488642 155142 81700 634861 338923 493950 990218 556369 44896 6778 
124951 409205 449741 870017 393388 737723 31755 845024 570026 243723 
148897 909187 947766 123025 969423 277343 962570 383401 480311 132077 
282336 968954 287219 364036 603815 626143 857987 594034 182513 902883 
600812 307464 312088 50553 177481 705477 788276 209237 550502 358303 
452960 699400 267490 400727 822426 236913 678071 784996 620315 158382 
917074 902652 127336 204293 266689 731152 830437 124676 325186 12950 
27560 925998 320415 339649 976551 497896 45127 764828 707133 595629 
123132 160094 295029 390622 560822 117456 627536 238893 902452 247852 
397275 819527 150504 524612 23820 417193 255764 854258 541870 580950 
867209 569430 506948 187624 909079 483500 685521 954206 248329 392654 
549836 371461 552749 844866 762084 113571 962322 389620 352464 864775 
637472 749740 684302 787977 274352 708123 205171 530116 562381 747041 
111066 429591 316472 618015 617215 225551 101515 302736 179758 349844 
695391 729594 721306 248141 574461 483390 361712 536783 873010 714177 
401559 510483 463917 85861 298461 738270 793985 503632 268386 356367 
250674 379453 785958 567146 997468 403173 792698 98984 705910 972456 
448829 401301 702051 170135 649442 276512 653525 11155 813296 526536 
725332 214856 37020 189250 300717 335482 927520 94703 839115 195907 
451070 89789 575360 237028 656936 572829 640202 449634 671814 346113 
422091 120644 747414 124143 290779 396857 400655 944305 408013 213952 
470842 133346 428808 507863 322596 729526 843345 250117 824229 682460 
446024 275300 772250 21385 512329 429186 594215 152531 878821 266029 
498644 300913 386673 246059 425056 677453 642917 825712 621758 50931 
39664 92601 184277 468473 600464 506874 197999 443809 756991 22229 
126270 203016 297529 898521 224401 809859 327708 818616 962390 206529 
84646 461035 507443 471320 707095 932499 148773 350013 758211 770532 
400944 797876 863133 585222 266349 463597 92096 464349 907407 849088 
486579 33678 52105 784109 932199 276507 593968 259907 95124 556359 
466437 179770 17394 973880 651090 724490 906380 799864 74503 664591 
570396 475448 462467 433529 60670 728817 897127 152767 193167 804535 
1856 679746 838214 53962 463855 770413 330469 57823 30321 425593 
614182 496759 605363 631577 470640 256454 356067 377020 56318 430571 
41612 626714 906019 504080 60244 966690 232897 957372 119458 426064 
761908 121315 105810 600122 175277 569666 370536 505746 627489 400858 
931339 241672 897617 536703 873249 368258 793158 229317 745278 849476 
659888 786890 476191 565908 290971 536436 532599 523868 493809 652057 
949933 255717 773372 55744 855839 948649 625410 226376 454395 252899 
627234 385735 494571 524852 922439 367821 893110 715597 597138 638389 
565073 257026 425280 41265 822935 716251 577702 355534 240119 71511 
7591 190053 327228 780964 245797 183068 729614 871208 409444 184010 
124107 36679 569745 618679 561531 492184 986501 454642 207781 583639 
93031 772855 840666 518311 814121 663601 234562 391823 19136 474682 
463334 26728 664735 790563 807692 910533 973632 537307 781741 383076 
721317 905849 419756 291062 524529 981288 783247 511030 435930 991029 
94670 528962 763884 935336 47273 578006 598938 281836 969829 618075 
756519 433164 644803 421255 223727 452496 331788 197359 989804 113529 
580436 711121 19379 193 2183 543908 981481 785431 54939 417411 
776460 149609 946373 540345 84946 993647 118351 683885 275484 88181 
301960 32003 521345 946764 453258 745073 399261 785047 942433 389065 
898577 522870 100186 917956 523063 102370 461864 504544 887802 516804 
921956 664262 666413 868330 204608 751360 861977 322959 435245 137462 
411140 737206 169466 932486 683971 622725 677559 83233 407772 619993 
472298 306349 142863 572485 224305 665926 674856 686170 170470 562658 
202974 92426 226921 869388 960757 431529 620748 822735 754489 55994 
960197 165630 793201 129663 98116 477172 752388 775676 560405 160161 
395670 32704 466510 538533 605190 690816 204460 280047 376987 374931 
842706 579962 467358 69628 449350 428115 501157 70099 250850 255647 
126094 211047 421278 919295 340711 519395 396468 93100 295072 956874 
253261 690742 989578 719772 229275 594769 410589 433736 874816 787576 
808667 717523 367538 276025 787151 816889 704140 288309 886988 954990 
543956 13083 166038 965234 932378 506749 484629 328846 599850 779701 
285720 853111 470444 275299 572884 699719 870069 983473 133455 744886 
771049 942123 462409 138588 218148 249560 955477 922288 537869 842466 
877278 81826 855549 43316 47060 787927 550066 531690 116774 149916 
311392 402495 3028 781836 677795 575912 481556 547864 559385 615012 
292751 330435 557135 755160 469023 775283 4721 424500 697572 542590 
266967 574851 624416 122516 618168 671477 910444 168234 203168 27219 
318151 514561 429714 321179 296397 107509 897092 777954 655374 456477 
392966 948125 786913 950102 703286 255936 725386 708007 680437 422958 
250597 947405 997809 875014 69921 615977 546492 980366 784212 749661 
7585 102363 264222 437299 423543 560620 544809 320635 338574 200184 
777113 731541 148309 564026 681643 851596 819963 407029 559603 500401 
829988 810200 447806 827797 685215 517728 443775 231708 498094 227987 
981369 505680 330351 245591 942980 753894 806212 487789 74530 144786 
687974 851643 876327 836284 415669 557971 687880 235633 965001 247483 
736034 794989 57684 183841 622787 742899 701569 66562 974607 199664 
294550 955977 705344 624902 201569 648324 378797 7781 136114 453327 
152568 824088 304970 28896 660372 720640 586867 348253 956273 551868 
595736 692308 346858 653420 876149 969645 396320 577719 36208 370928 
777383 330759 326905 482728 955662 528475 131053 334459 536256 267168 
787787 688825 91257 92757 717721 751630 813397 304588 99883 769671 
856457 695619 461979 203316 349040 338128 172962 745360 915848 209170 
116288 693232 539930 443194 175961 495593 971669 307014 830052 507926 
574183 617839 196751 665440 710597 914472 417070 523995 219061 516954 
293666 75519 212573 755645 278835 561614 93774 451797 306974 9623 
660968 423263 702855 200898 866457 878816 696491 838126 185831 526544 
346052 760014 144384 542804 425454 854981 457276 842525 378977 676337 
359479 672643 751857 572053 428289 30692 133667 522064 482489 440642 
531687 143457 863905 234542 344356 730362 113359 40848 568489 299190 
567393 914542 59204 711777 457346 484659 566759 914622 327184 945736 
590960 686664 618380 342817 258717 46669 373510 392385 568734 855999 
833027 100422 999457 696932 334964 343814 427295 448324 384662 995784 
747514 952055 910326 806719 663833 367672 291378 230592 282295 618563 
176329 873256 305227 794709 216074 563945 841378 589584 956330 410113 
445584 789358 510535 445042 486290 845500 788856 913586 293824 173519 
909370 41339 125575 819697 848058 789408 187369 139436 20000 469665 
757999 196329 342922 63227 991038 558997 627172 832417 148582 583503 
242531 594166 372862 753066 39209 859153 598566 828065 772739 892391 
1584 682109 933730 127159 501806 781788 916568 689176 921224 936569 
158842 679224 132898 501764 742452 123937 60762 369624 956355 209344 
953128 198886 803511 325990 951953 842720 185143 550519 670785 957882 
442910 672370 639992 376641 799530 141798 158429 716098 830975 79654 
652667 989817 758879 785566 491582 501331 909504 552345 870956 865860 
761689 824084 64747 565200 150075 16700 407920 335219 567220 78706 
293101 10131 751077 933094 386772 550607 74893 545201 266706 905868 
624856 919374 895686 383735 704940 387269 885066 614445 939614 756022 
480305 701303 580107 545052 266504 730182 561753 674425 65402 128973 
753131 358503 139104 504209 291597 525876 54817 366491 71078 321523 
272359 695934 240898 168046 79669 945839 555315 964736 560284 494930 
720759 40590 196234 300866 585642 462738 31049 147395 137164 96451 
276369 890296 454955 415473 394505 746553 941350 449322 113044 12428 
770846 385404 708363 11744 553450 788033 957583 108766 752769 517868 
603696 473529 558458 799930 774396 144101 262669 805446 291497 399833 
901898 567866 290129 356853 983339 684634 103407 924690 133956 216452 
937119 904803 601856 645482 916547 155307 433515 874131 264073 186285 
391999 867769 659814 950458 667700 434210 94559 930369 239657 386056 
330202 141555 953922 620331 498408 937262 304966 601816 861952 438923 
818268 799071 343726 420125 444554 260274 575432 878069 134405 839506 
64355 526405 707276 724170 476863 374976 158381 571423 305346 398038 
957479 635548 539593 911402 255880 38002 848664 560846 639818 710617 
999769 458087 509689 343496 878212 954243 603770 453645 832312 738176 
293152 896668 264582 428 620838 741445 375405 779220 312869 680752 
177258 270348 316301 716852 181751 572181 754854 30416 133028 394673 
741033 132798 852760 250722 476294 730973 204965 80064 184619 37278 
818241 477771 933947 82823 478200 554785 824269 853606 334006 137138 
534359 511265 407487 850660 228117 589238 422842 982972 619654 555870 
377645 360688 688669 230406 611410 164963 961380 816375 245028 145999 
853654 63269 623771 787601 146093 101972 342387 970362 955579 676393 
107500 489938 187658 514988 340598 415776 104226 763440 398748 723881 
319311 776393 84569 7980 6800 695980 172944 968180 512356 417972 
114180 366010 481242 737951 153611 627335 839924 495999 597697 795503 
172393 705198 285441 360052 220186 626040 775828 324413 389480 174576 
48295 708792 950970 132864 716772 957770 828844 889716 925951 341200 
307689 40131 707211 788931 778082 860823 416267 618006 356822 13964 
413510 529216 719163 698951 889268 939350 324991 665096 263764 714472 
839673 312059 423264 790643 444924 140037 748414 273769 29754 674365 
614970 337444 714497 322181 126375 492580 183005 542643 110586 539828 
556607 524097 69044 275771 223048 958312 215122 548040 623408 478886 
262513 463081 790945 685777 253725 235870 825815 2139 509640 855570 
676505 124610 193014 391002 446792 319389 883582 629797 862032 994169 
169626 418640 518266 238670 694412 741315 196982 909534 289356 820391 
388420 551869 283473 179366 237647 537198 415237 63463 539338 924877 
919033 215844 49488 112047 606846 496280 431437 490429 126078 293470 
484599 295704 712111 2866 534375 406523 744181 731358 316058 33538 
551749 704479 585407 835223 883846 823055 372422 299083 886518 911760 
223961 805552 127604 273449 917599 734451 769729 349037 224881 895808 
642507 709480 191512 354618 712346 725888 761142 456528 457246 77201 
490066 8996 781680 75474 844219 665526 898530 216641 964610 785048 
128402 188571 590601 256007 462020 508200 990458 231750 857237 215340 
127558 499745 924820 319071 854363 637166 44959 615506 93695 502205 
692707 583761 511202 474388 659236 355422 139914 557766 572063 104524 
342815 700466 293096 933416 956473 755116 441617 946932 986866 298854 
162272 114425 798599 87092 433496 652963 724259 478456 268470 817954 
980662 961177 401716 491864 435565 60952 847286 575480 618719 419350 
680005 961535 119816 973101 894951 76290 728218 336568 23222 715085 
635423 185494 829510 434023 272587 263007 86987 996846 741464 355457 
814801 722126 316635 216518 213991 752201 277471 61277 327681 896190 
480628 7687 857725 600444 980789 752677 676734 709007 89246 699957 
424093 724670 885451 253604 158693 158038 516612 245681 154885 258076 
601138 969687 980202 917773 186205 194193 669975 463676 255471 997656 
359866 736099 5344 217592 336544 986133 970270 13279 695141 59516 
713236 119234 784187 598687 372839 942880 756726 889451 188561 911612 
147527 789700 881300 127730 707474 67505 321924 377449 531181 577396 
375105 891048 313495 380450 108641 650040 366583 78911 663319 61725 
138428 376556 180960 922615 975244 553799 865496 731970 443251 54058 
643583 590779 843758 524883 718510 551232 592389 40434 928681 123570 
617830 303787 14619 931326 684238 123260 581367 50822 202172 244686 
112547 340601 621242 293507 263216 596486 847307 128712 328457 290559 
182771 972041 881338 26529 496925 599848 577762 89314 640283 506444 
212885 258113 810231 227504 189440 494469 350765 770807 545291 552938 
15494 657839 893539 636737 951347 156755 233224 798655 285468 561682 
89214 468239 533723 970552 494769 30649 570401 72531 119963 210684 
578975 332849 468797 389207 560354 658238 883677 911119 429046 428969 
464058 444540 86808 357597 81278 38156 514353 314502 836811 799822 
876184 926025 268062 409908 896578 762832 440557 466979 835364 560521 
677663 414340 893370 146460 803547 453724 804699 687225 364844 233745 
116194 828903 678286 203003 186500 759564 241159 700854 74066 77970 
500677 950251 3996 768739 360160 900574 531571 800718 367553 366935 
361239 45216 781275 254610 191677 584823 708335 996376 272048 73180 
230122 388243 902083 908408 591247 88584 667972 832406 789438 742039 
910377 290115 692291 914373 58855 52451 814948 590427 853169 182501 
957363 214409 227717 738638 469020 419395 323462 177356 415771 595511 
250536 645894 983754 152620 554302 575001 241204 222275 407408 30643 
964314 317786 320759 656606 232159 379615 709057 47107 970042 562227 
229609 927405 776636 457327 666044 245657 876722 989506 423013 292493 
585018 673550 938388 568773 826170 492690 143774 67375 714965 551183 
98019 679280 868969 418778 335886 101129 798394 44944 148237 768436 
607171 377846 695842 383808 835173 361886 629466 711895 351393 52479 
4389 936411 726029 942777 505184 552200 435468 648959 619575 150434 
200143 717594 829714 69112 136373 165601 170242 934767 210545 318479 
703204 817717 696325 399046 201526 531499 760933 830992 243394 112327 
883472 247784 48739 609501 190562 553924 161702 626030 202884 781277 
776464 403027 498872 606178 472140 635245 771780 642382 570013 982326 
960861 273218 800043 657187 672264 1569 188686 433198 832562 432080 
545526 716034 679865 594265 325536 870427 148189 487238 496457 351074 
268515 272922 754101 767388 879100 226242 402634 650881 868624 972647 
633207 829485 245866 433250 486672 918130 434820 675359 351329 267383 
107440 896855 983417 787305 491121 308953 657732 639311 796191 154190 
990385 64707 427112 744487 832096 306213 970729 234730 957094 839353 
207378 590302 668839 453244 23553 155511 371375 458374 830871 722705 
725757 938311 619560 709174 725616 110682 18128 383349 749993 814320 
537539 740378 879028 964652 484865 711124 270865 455595 945854 227960 
294948 153233 818262 963787 606477 841816 119299 977853 300190 950170 
700558 25947 888481 320119 735122 614098 430801 753250 997447 180794 
567570 534987 921173 446599 499639 406038 157723 770505 861633 103578 
998466 156582 256811 816729 120370 863289 658545 239669 841143 958735 
189840 541701 984683 78322 861820 719805 692420 292621 473055 689867 
473416 40626 224854 394589 487225 724494 800628 644949 494999 662262 
748527 493465 818844 5339 310195 939214 868629 968740 178884 709772 
927476 368724 251473 912159 447046 113294 631964 139467 405916 105020 
829334 879332 145647 54189 273921 632873 778683 74550 277822 273683 
736812 26350 767149 555657 31689 77344 494871 900319 46085 673756 
610091 973561 42481 861565 885720 489528 974859 517685 628995 380775 
622705 458330 260108 768353 512519 534029 401226 291203 608580 679048 
564887 345392 705399 332036 901049 737089 409381 395921 637408 455466 
69677 247499 429027 112159 109064 314748 601687 83923 832433 230682 
464699 455139 689013 724807 223492 201533 258837 624718 492736 867417 
303767 57624 212810 9166 389661 113859 746256 799042 509781 383664 
254509 579459 631163 683536 691618 740228 998285 293305 824152 830718 
523988 288851 285857 213002 13659 509350 414535 272497 134068 907271 
139915 437836 964896 352725 447003 354557 466585 193259 153599 976366 
576923 408108 555825 208087 91645 247444 948315 89931 540750 772468 
920649 64739 61320 206507 277741 74979 715857 692276 347476 849926 
599548 487391 287763 564444 840117 734766 919001 306702 928026 72601 
283069 504950 480710 838894 713037 572356 86339 661353 662287 627089 
433821 582937 691828 495141 789444 969570 570121 505302 661846 917598 
355229 261394 404990 642992 825839 245107 377758 744840 551809 305785 
817442 834878 810735 298153 673773 523772 870509 760113 185126 532797 
387202 618947 115734 79031 114089 905179 48601 684210 410482 710448 
601809 765711 971842 6799 408703 797681 251906 786462 542522 803716 
92247 359965 638595 902982 658118 312369 426754 528628 72482 611881 
61425 459685 230829 177160 538716 344918 82339 587318 29129 492822 
297766 630938 258533 269609 637738 667236 67291 889645 453698 609814 
693361 545945 969780 331957 448927 627898 644326 875682 156527 716808 
487563 217953 176494 718393 395113 715211 63311 477453 302529 92441 
970275 600296 723380 228808 869906 361118 896045 937198 250764 349743 
547012 944125 895689 516792 276082 344617 144691 920409 220300 301218 
637218 707864 519171 813712 426257 914285 528923 489569 391738 831453 
582010 362014 431750 305391 590822 301656 666510 486868 238854 917274 
836611 785867 861400 732301 302659 137482 76919 447351 57892 297219 
748570 695110 5083 267742 508822 431340 182027 37746 920910 573765 
869200 502920 935780 300950 808312 526602 602606 474822 13471 841461 
392096 850083 627328 253496 582384 929988 390979 659303 377340 448871 
956522 125910 143982 961606 393652 652805 392947 575679 690551 313857 
149445 559751 816778 85225 860702 625090 611828 463308 99912 625299 
304770 492009 475382 932099 745505 57767 862088 136485 717071 239428 
585357 673593 365339 729339 635200 758991 382144 28147 334671 72696 
342004 484117 632448 158782 569343 493150 783873 181172 956459 883785 
806472 261230 375794 281855 193329 121300 339622 55417 257785 56693 
294846 843142 730287 660185 572482 365488 419177 954627 393635 753849 
27323 735640 237966 659772 894423 807310 152923 678296 988483 109382 
562082 794955 370612 937876 76810 563942 59177 416433 619360 316963 
473127 914206 160105 203415 574392 732588 568903 993569 687215 962539 
747419 714539 698180 985386 374312 592604 792696 527235 270900 781179 
636617 832982 576135 7230 770859 652946 571173 830037 69380 190533 
147000 542507 104740 307106 745923 679133 39694 314827 672703 726909 
277367 420122 441449 975547 405508 815761 568151 198205 342996 839052 
979385 979614 672035 555520 986845 442895 208467 558018 272932 277847 
748552 419932 820355 853293 727038 566279 532426 766733 881106 205129 
493643 158474 625252 935092 134022 30760 750854 702174 228966 93850 
541226 208351 73465 213262 763872 60311 656157 972339 618330 929090 
250187 366882 349022 70543 220176 76061 636822 752602 842794 517929 
957732 336438 676403 582984 271530 810426 613745 22384 512600 842711 
116235 53826 51062 189701 267089 814935 250012 923246 787275 868342 
852336 37462 235225 201359 108006 455401 277421 744828 208004 120216 
262758 165736 456654 939161 748721 728185 749588 362466 750570 262188 
205177 866805 316015 256240 56507 583104 71175 306519 506351 858450 
174862 358687 895913 410088 560047 3919 865489 837468 748748 73494 
957684 11506 239231 414339 950668 987952 142524 700256 350419 893094 
962444 555596 759900 278459 811836 816407 861564 883012 122927 367915 
741463 297790 726603 637376 707878 286650 641296 573368 124119 390044 
646862 81804 401550 886094 496143 352219 874046 638667 52475 224466 
531762 14919 780062 291662 293379 591899 108070 154944 474912 230997 
522859 216375 528788 249462 853752 236666 536113 495048 810035 660232 
885093 456897 742036 286644 342992 238180 638863 217039 876848 691338 
441505 408610 706258 221567 700272 999638 813467 808342 154582 288379 
39340 677442 504755 568128 926904 358507 804795 463017 853556 614830 
123250 738650 71728 865287 25294 414720 103467 664158 631759 980315 
355497 73264 388925 61756 294832 89198 61394 108300 897541 215977 
396679 936882 893419 901434 505011 820324 259942 309806 283341 113499 
924637 406592 852149 996366 271879 877444 411087 375347 541602 42846 
355663 897099 116111 744588 958856 410944 833787 20250 519244 731328 
236228 915924 668211 129647 817358 173222 949971 77301 483029 233313 
190800 407667 639905 42950 404033 911785 920394 815120 287133 461997 
857967 642796 359097 974079 387385 317953 385023 221172 338203 904268 
952501 574431 820192 620712 704079 637551 793935 654050 714853 276964 
887364 905653 684631 527270 948604 88665 439055 868998 903785 726188 
330995 761753 368985 690093 735833 756370 8046 120856 977542 346250 
25125 930044 920682 845317 550756 624761 482869 344691 278812 197722 
621656 166176 103376 306288 693446 51980 394953 132502 920978 298739 
858691 251974 60492 227676 942068 796325 984046 950114 917182 961588 
296364 942308 891632 217047 787625 442389 841808 270495 787081 120621 
468217 408737 286797 571593 715025 980244 623574 109979 112746 544553 
408718 971437 796527 469211 199113 738595 265536 183160 688710 182719 
144748 985075 125027 36381 202122 912653 478771 43930 183148 265852 
164552 651366 674590 451349 222959 389616 431593 846533 499595 544340 
391086 908314 515778 187614 377525 714891 926210 643061 898052 614921 
825781 42801 599996 950808 79182 802118 863461 557954 846049 46610 
823807 10601 697976 498397 461950 920936 888014 893544 767469 387609 
437885 158556 295923 953663 346171 673448 668555 272382 316510 566607 
887303 142291 609408 487299 93100 688591 289417 956561 246545 135466 
3171 70352 146067 701148 568750 608018 622084 456764 501563 389554 
844374 939448 548110 140297 893112 894282 813746 561667 166664 130257 
128274 53967 272548 737683 541266 365649 426274 830684 322210 672820 
966151 325382 743172 112219 26531 311923 720238 648615 768687 221801 
38169 613061 161250 586280 753359 54362 480562 567106 616029 647226 
697363 744304 701194 969912 481987 242461 335561 908262 73146 657772 
581082 39297 983155 324255 151516 9686 636178 871754 658301 404866 
93556 696471 17928 254806 282751 771287 309169 763313 338394 925198 
410540 35758 669503 111735 5670 151490 354196 341232 59752 427343 
999004 640834 466640 982160 965090 618157 991846 601268 489912 650148 
6134 583468 346619 24062 838275 629370 795350 147444 392684 133744 
72643 803224 169503 742146 914960 175173 893637 269157 516406 953390 
696500 515411 594225 163141 497571 559315 781298 489418 160583 271211 
139566 166718 854679 486185 190781 692955 115556 986131 840400 508240 
119876 913043 311465 289379 655190 226425 464553 548828 495582 980960 
502218 192083 496371 96443 355224 993942 655759 136523 483361 816343 
407734 622927 983061 262414 109113 173842 955369 224669 159974 795770 
732909 279851 708814 44375 569231 364004 270800 33784 912833 766383 
14745 415051 958467 511116 511495 313691 505059 167254 450214 988420 
983597 857948 611347 966659 120363 720460 140502 75732 945130 300476 
871502 678040 580328 580316 722415 149559 944321 993216 183344 857154 
759599 198089 272206 718066 709205 783702 31758 214265 950956 481972 
202685 934554 339921 814033 901214 460284 534494 41716 536017 479624 
342193 407520 157664 922521 987837 880080 72080 932159 873296 255425 
789314 632895 453514 61520 350962 162720 845222 382721 376985 796179 
864694 579671 730734 204615 393704 631948 664900 928199 673664 200918 
407823 15857 608439 565488 938379 596276 445568 10459 528436 318865 
265885 317750 951761 719399 379270 302723 882120 224493 685444 259106 
20672 550138 838777 751407 754754 232482 383355 419655 160681 57019 
620574 568505 72877 229013 133993 11256 825290 579562 21716 353726 
898427 287601 671476 850188 7001 50747 152912 889121 275240 838357 
148228 295913 388496 987005 47321 143251 219488 430676 562907 380169 
487696 183481 948674 560573 412495 82668 571830 237786 662231 593546 
591512 560659 881148 262989 410848 888149 313736 563761 777271 588977 
402118 925500 884891 790615 912505 932212 933867 131993 362889 496775 
512163 850585 680256 460838 411159 92752 543506 982989 330538 205738 
576536 922051 766397 457684 185040 177245 345834 498777 741006 123106 
87754 143125 48606 972646 933741 961112 904859 867608 93106 267748 
364383 605269 118333 44640 66107 529492 137393 609614 512482 467932 
815352 89018 389983 581749 546703 575023 758995 892537 73801 500001 
15643 161555 643127 64250 134202 576868 25362 39061 444477 118468 
306810 808861 723737 425144 853502 789845 954637 990895 399459 467119 
458827 214812 556138 848810 796561 102841 423834 555556 995378 497635 
55558 11022 659191 698685 75272 793394 275554 100634 832456 720031 
219103 139266 528892 942841 564410 382394 732686 519047 373290 132146 
986167 832117 346958 542305 680928 143520 645146 104763 699077 640525 
602399 754635 651547 261591 453321 726820 54985 728875 827455 887441 
448907 46558 26707 977800 989399 591118 360195 722086 110166 733485 
854232 96333 565603 201191 638638 246532 344711 283785 351295 43788 
924310 953695 798424 575858 215286 251745 302679 270271 980621 130134 
157713 429529 176693 184421 407330 166093 775539 767525 888179 885705 
501011 742411 982039 66614 943602 620677 313147 288314 904462 664443 
332102 828773 618138 130527 404631 833424 382273 707310 103696 362894 
837445 261409 792424 14138 445830 199754 180231 221370 967279 68410 
107076 468291 810822 89115 534905 754425 709793 848052 42739 614256 
512495 374842 443029 130634 505369 847661 964058 887642 554971 67755 
250537 392416 329164 42962 406555 774995 242716 586787 996366 209996 
655197 103442 678287 466020 192558 213193 220446 902351 61246 263186 
516607 573742 638028 959636 704376 143398 807297 668435 31041 362269 
736190 281579 754686 65354 324542 161242 840350 567258 748029 836716 
777255 403227 940159 455543 869247 132717 668736 89693 35068 729982 
352880 551676 303725 990909 511313 8101 134308 318611 676537 165349 
680880 412727 446929 435567 478082 771471 596809 318432 338730 344839 
155149 115986 748066 95308 571529 617313 228025 240266 707007 263094 
970249 59887 814770 273974 50797 326084 282076 185105 644695 958613 
350454 325576 371340 797384 761143 849423 568856 357953 167856 907587 
702792 323005 23573 450858 418314 595103 68172 646340 835369 775180 
909434 805618 835068 724205 79592 885865 50289 361668 70970 694984 
320282 421425 20560 691622 218810 781704 541046 787666 139658 708902 
695254 842450 31908 718828 293309 450222 313931 361482 96562 149300 
136662 5997 954919 971731 730202 34511 857596 780491 396180 928567 
475476 716462 349992 496037 408085 568802 277741 949131 356469 417399 
658034 51723 259850 689942 770551 553160 140164 84483 914642 236727 
233783 51305 242724 188702 23036 972926 223214 880633 753418 619395 
809200 228894 335857 159193 724931 743943 727995 2673 693074 84465 
420073 351108 136188 679924 41051 906740 233084 181216 991223 147727 
417943 225007 199032 660668 413710 222069 633594 636924 102702 387013 
256319 911902 615908 592177 71096 340839 336120 799091 343513 29195 
883557 763586 380304 19746 443510 421355 926486 676595 602571 917710 
824322 20515 142717 23354 681183 556427 245423 314778 193352 348126 
701791 449672 260029 317700 41850 331125 658540 377971 130217 2053 
407166 13774 765640 787471 33520 209151 208826 960006 885746 811398 
877717 710069 831914 20434 733423 513097 576862 978847 827876 770215 
326974 529667 219887 587003 847368 261738 918128 505908 639709 48346 
507961 46875 62120 273602 834347 95640 482753 43173 55647 368500 
854572 933364 78569 686486 953799 811993 199584 530662 790841 27460 
300877 117815 557128 520765 704818 404496 782503 622947 910404 422212 
671293 418366 469088 733413 691968 303435 829054 174721 346609 884702 
543222 201182 818067 621791 887669 771866 433785 87253 302529 224626 
114713 603406 342441 671842 124172 47260 76338 906676 670207 986743 
328889 341501 405109 797977 74915 97078 101413 903970 271800 448023 
788672 815022 649205 606739 436813 536874 378606 870599 624127 681135 
95225 738841 284542 437666 410684 408714 484927 487022 315391 155135 
473766 644280 496636 878875 442257 571552 975953 543671 475522 247753 
991694 264194 62776 640899 870934 499590 177774 249540 370189 801902 
930676 465414 540744 215218 903081 951428 623933 388008 438450 939324 
543143 912216 583604 39780 791092 25862 611332 767046 569533 86854 
14800 561227 351049 77576 202127 221983 577166 379901 471524 947355 
181804 402200 412769 722548 617418 315851 673976 241352 703859 112427 
180676 247002 24644 764280 286782 815737 790142 898115 582783 359675 
984969 597583 920903 336019 675160 123031 558002 252326 502933 29527 
199682 684737 431727 612452 407285 49146 928303 81262 290498 632162 
193690 471175 879165 218334 235455 165948 34072 25598 64063 616855 
385274 49033 214439 306177 385052 889600 429208 943055 141926 932141 
972582 341609 616879 404310 954061 24164 453457 882364 105427 743956 
514527 299117 215131 393693 517452 450587 559641 551525 476185 623705 
168381 861459 672738 382821 167637 57791 272421 596845 846 414348 
528987 973429 755957 145866 377740 710018 170031 831198 592383 275459 
575154 106911 574576 790286 500604 92029 240873 60246 643555 717058 
683951 811936 578518 356690 194757 746155 414482 467178 343001 415329 
881526 871988 388758 637484 17855 766499 347502 187886 597697 939886 
463345 172852 46797 37922 963138 547401 129952 204011 607648 773507 
921070 291600 585444 499588 648290 780201 245744 62773 247380 588745 
478102 128907 460734 866861 766391 478589 633360 113893 666476 231058 
53780 129822 403910 100577 167744 367049 647979 297697 571060 255627 
71205 492131 547227 656649 991720 195518 436850 237464 258291 684231 
826210 736394 813138 286945 603255 579529 765535 236616 693423 432011 
467674 747203 561833 871585 847781 729578 238634 495760 27276 809695 
751387 98481 301827 298615 755130 293547 494134 191981 531012 752425 
876212 357222 488819 689351 644167 92075 268880 409702 328691 962304 
841714 796366 709507 403548 667951 557288 133126 906586 53049 160403 
716282 804437 258884 18109 103052 14015 311656 597186 205997 842668 
349612 82210 199891 838432 771561 844058 930508 40442 253761 259199 
2746 95476 55565 712254 499024 723517 269542 632151 630104 322592 
792554 346386 127029 51439 364495 230082 65454 676151 827269 271451 
518820 176881 353661 718711 15314 125223 562770 945822 165665 816531 
205022 168411 912008 260588 880665 411032 984106 150208 43184 614210 
472800 835738 960596 599830 887177 325091 829912 952632 1243 657181 
224084 520064 834063 577746 238775 849378 702969 801545 795201 868634 
618077 223 37046 530085 260812 917712 941118 244918 67921 984302 
859128 540722 820040 819725 140552 707218 144817 970464 659850 146061 
627646 883935 666125 461709 461681 904900 311088 164650 706446 106289 
33285 324523 106513 70332 854609 367326 988044 795727 612244 55966 
780029 471373 596688 600070 291099 737240 307289 435916 707705 967140 
581977 335352 851075 248102 797062 312756 153003 108150 477407 859449 
214439 510692 183973 320953 581025 38582 688279 569069 834309 300524 
625036 614339 771898 221724 214410 62997 958965 521699 498914 666671 
488839 80891 2023 339915 328994 799085 652671 481998 907235 130079 
341447 121675 640771 525420 442629 221796 564003 130908 790866 398313 
431433 415902 12652 203331 637627 227062 266329 596592 748762 765243 
263263 237602 846135 265286 577517 175129 64372 230189 657128 971607 
360268 998576 93283 1040 523997 535912 222837 88000 666821 13704 
486313 98254 429606 498966 301586 67234 726029 567915 663826 474791 
333158 927090 712394 179293 192377 289911 354423 256749 520101 11551 
228356 880370 10128 321640 881410 534125 857552 104248 622125 524374 
117952 108439 622629 547559 607405 924215 614793 333434 492131 278620 
808226 825290 205710 520620 4583 398087 810532 359007 654836 330633 
370559 883193 211003 380687 204833 92414 914812 62386 196662 536938 
586761 314614 645377 209390 862173 252782 133606 476966 586217 625738 
755586 394443 451028 961297 915063 455612 359384 725596 814619 14221 
56229 185179 897414 267233 565866 102248 359647 480679 164635 556310 
17617 751397 870924 662994 960787 733098 915776 94394 210065 501993 
720132 965652 896437 171161 926949 811501 626773 286334 537097 441393 
300555 593326 626572 197970 860560 192438 300219 220207 673117 464854 
776518 690734 216252 647442 353729 177040 380541 269505 271434 590606 
771499 991567 556258 667936 162729 483207 479438 789502 769541 16535 
230895 70097 609862 857467 268067 470422 49906 568286 690630 723024 
33141 467148 413759 249393 114591 767488 426433 495132 36994 697868 
85738 808494 689436 641997 476431 852165 125204 955869 641668 894746 
972404 872563 964844 582266 730031 232912 52689 779938 801199 743319 
502963 834340 210468 916722 83734 325059 684210 510168 820192 721205 
208037 905930 529699 897474 547927 6130 749639 673132 961999 391307 
567879 934404 263871 532723 516670 993903 765635 569360 773841 566834 
312679 276804 401175 523148 193527 484910 848207 877738 995079 668400 
598943 203116 574330 128642 100590 122258 134773 850230 795391 96772 
241537 363270 31176 505409 895993 547847 499312 661629 117207 273154 
228464 429887 549958 629639 953035 743486 114550 801243 621224 109629 
469643 220167 312745 43974 348810 413336 166233 483583 263566 961624 
580356 505104 324894 611533 10514 220888 159380 509826 882518 276588 
782981 110982 706476 332939 740622 659511 76425 855172 460755 697649 
964801 930399 917817 277547 974374 266627 690884 140607 750211 954450 
102231 330567 459555 427125 942100 470069 648014 101480 979896 530532 
378069 762877 641514 84545 95817 382137 744057 172243 237309 204813 
869893 202110 135212 787711 479658 109586 54338 170542 250194 804549 
124993 352425 135117 584549 779551 77217 54619 427566 178698 34515 
958098 556767 797393 599613 641313 893211 981750 385370 65455 219060 
590183 935348 421170 725396 723059 900829 834983 777398 71371 85177 
581948 196365 437603 717065 780914 217154 794283 835533 644721 972981 
870049 602819 529749 667443 202433 171062 560654 184184 556433 626109 
403244 146616 561458 824415 872012 284518 725244 706995 61916 796616 
792173 643864 992981 229776 360930 773896 446931 155213 609429 91652 
128195 479479 694472 657944 146922 896905 829006 707577 81089 385440 
333687 484333 532056 895145 308748 404069 179664 33993 111065 241580 
830609 903238 885445 823591 133015 246376 597487 579946 401589 206917 
671598 529784 686397 366070 187729 833320 262976 16736 540897 344066 
402176 874585 828399 934232 769731 137148 338302 949395 171142 449367 
190975 1752 352606 76421 825343 485621 322797 422831 65567 724387 
629749 737166 254172 316146 103237 441901 149467 366213 458637 690364 
710279 860813 564949 538679 795046 334681 675828 133348 284076 846970 
582716 475052 848723 935322 551473 674066 420944 874271 96898 486512 
598658 726648 223678 852830 42794 326916 294731 192261 693130 753369 
882626 403409 614182 447576 942089 409228 782257 617918 542577 66333 
464889 125293 541385 313612 60616 92859 987679 481560 967130 84577 
968072 565789 811225 191751 418620 854020 518667 713352 46282 211797 
466721 928909 615207 80903 376486 557297 490132 158743 175216 32709 
225077 640105 158003 766463 953717 218619 859322 941397 700180 826453 
25974 668252 392243 837200 860004 810863 691221 378672 524215 737504 
590469 990936 666413 205677 71840 42899 762975 561973 201643 938191 
594682 426720 578296 752686 193184 532014 971305 52507 473411 671485 
878960 499386 339738 271203 336587 199743 82067 27808 578415 606282 
765312 168885 597219 431726 374563 669059 474625 137538 231032 676268 
75729 825715 102989 654026 578401 296173 186040 549707 348681 659452 
221193 227642 158838 560932 498845 495425 760675 580913 523234 339091 
187195 288546 507977 784414 720272 882540 453474 194898 20078 684507 
871167 95807 510223 974156 749834 88624 270330 935874 638332 619011 
595327 859525 846653 754165 420458 345499 249591 181134 926413 772825 
520225 113608 61372 28202 898023 781645 910743 351498 976543 930821 
36005 847711 26629 546228 821868 776463 634853 92198 712338 273186 
711210 307665 132712 557864 61831 553170 903364 311422 734305 829777 
84248 254531 943386 145620 282733 841410 927266 193477 192908 903809 
124298 228914 751520 150927 775143 573388 927391 409997 665587 639729 
683183 376798 947395 815895 934663 9226 369066 838028 320649 103371 
667806 404897 357902 611192 550517 640636 452603 477783 834113 645512 
381593 958412 874426 133114 109340 649570 706503 36731 59567 372091 
676461 742751 748890 623856 558647 683553 633083 927713 521581 953732 
31085 189387 358629 388988 800580 909147 29624 253183 386931 863738 
898695 768525 822150 773122 901640 931490 422693 608143 968222 482260 
980235 644684 225012 729125 268541 783659 412678 901624 711372 934260 
855356 742458 123648 213986 131446 924229 123133 161070 177412 510065 
24809 76108 278590 846959 849231 180230 778450 271924 788374 746673 
754185 768609 391357 979197 497735 659898 762857 910414 561522 474229 
844674 416879 216688 968323 630865 348134 892552 753999 509205 69965 
264064 534014 146074 542655 380974 995305 722886 159425 267230 511260 
906098 21416 279870 297455 613 777605 957353 763470 688019 518876 
237700 532694 935755 454389 501017 566621 802523 393569 320621 311729 
463534 584685 845744 609608 127341 226718 604914 850227 386143 872145 
361488 292242 893561 641358 589697 894175 418963 547051 657645 106982 
65927 895346 639676 1683 349735 140694 568305 152259 534263 888926 
463988 997798 473612 309733 607407 600953 536451 212322 451181 922595 
84467 812669 214837 978028 454027 804535 872203 872991 351587 529849 
979973 417515 425195 619650 419198 774931 760345 987503 927191 294608 
876430 391180 292407 350042 700913 899815 950995 237365 112137 402177 
159960 196604 214846 374798 174632 668873 179334 46835 541864 530921 
576685 521838 948436 1881 141489 367635 776812 901834 355139 704004 
196443 231569 95185 488851 581612 796098 388666 532608 33463 500803 
934785 193424 697407 149631 568223 872040 818505 747558 918876 360370 
278480 495561 882209 226916 497442 23698 594552 274255 925533 949691 
978259 121977 181261 73444 610829 762873 869543 999495 295481 903007 
500299 230266 96432 197706 379898 664655 69747 198403 412214 988623 
558773 690694 484184 440982 917611 981626 464681 512163 255881 390215 
461855 234141 512193 643117 307586 123022 405990 177129 122518 701472 
80136 622817 931739 176568 820523 311637 841224 890271 510040 253439 
878894 68814 944133 363078 509797 861744 344705 974478 373908 600586 
364694 835763 834728 876887 478880 142314 999910 884871 319443 122428 
586343 399580 745245 518083 576148 565769 829720 417373 456040 339761 
670812 334934 408575 614946 698013 918373 476690 42718 892852 850599 
643305 257546 686362 478033 134434 165243 620348 134344 50115 939791 
256773 636458 339371 2018 154541 915520 567787 984262 332894 23828 
324023 3707 358763 732599 618653 56776 650972 95344 99495 543824 
945943 742800 801371 632306 220834 935805 797549 841182 70150 847665 
780974 326923 484123 120346 328942 638665 35867 896730 622928 368761 
920558 946952 372468 279321 679551 991122 336098 330524 86466 435593 
874349 32409 178394 675720 664715 399229 611526 462265 240411 681676 
309930 21386 8600 794054 141733 337542 432720 177600 234273 55648 
546362 154832 2600 918831 434153 682152 909953 770252 12676 996419 
205845 887025 28828 384240 562745 693543 783469 174272 155809 23881 
855949 465739 45267 864549 259794 187000 202092 692514 364601 436366 
748163 910963 591198 750763 829794 25352 432915 739747 795604 445592 
736166 1450 332617 764994 385690 895363 458538 169160 69636 614348 
193041 925585 80087 238308 790135 339882 425309 992227 32396 789910 
428594 780559 700873 19792 531323 530668 45144 964239 270415 840748 
409831 6581 842199 742449 771576 227890 637813 230115 397050 707449 
844463 590091 633035 924551 828400 423170 264433 253709 415398 296829 
43620 843992 77389 744494 863784 608712 275162 908928 572951 545577 
749677 982783 552159 591876 725233 323735 819767 363046 553850 216817 
70496 398313 806908 703531 322864 635309 126702 587298 889019 542100 
884127 932639 386092 961517 677134 249877 570229 952296 158806 143181 
497874 908483 125965 50033 500360 851198 373769 320127 214245 927620 
536944 284742 325934 343853 988274 648799 979162 114976 236097 868181 
657077 120224 800821 43170 81741 477955 293047 651971 430252 451853 
795153 928126 360336 921118 978160 860697 772317 351929 180825 986563 
279549 717769 271305 605484 61623 259580 254283 40786 374556 490380 
908968 31634 610605 709789 74804 692347 187745 367851 344319 617998 
819705 139472 546124 180042 60591 524285 40739 832909 876214 221564 
819472 155764 939334 90778 761248 957 350358 15532 41744 724915 
505912 950712 756549 116518 660502 831353 808865 848248 199205 153184 
466246 18910 292657 12371 198952 353248 536656 239692 186158 412870 
461256 5630 568635 400591 96408 329884 401549 446767 345416 443293 
171682 851329 394005 928232 967848 54508 759586 776713 902756 958791 
929898 369002 977702 222556 381373 176655 575805 918029 416347 761963 
330900 877604 767593 899536 278195 864002 229420 679744 310770 574837 
123037 482452 426167 517043 410685 394015 571551 170271 170729 474307 
129063 100627 843310 106765 323183 224684 283420 898988 142714 699768 
660951 473614 577372 428545 373151 855567 292548 602571 535311 603318 
177409 658349 85771 603576 175392 496456 997592 746944 666727 168321 
221251 795790 268948 64562 902556 592132 289246 185977 491121 431961 
885745 152073 905576 463118 580619 278727 318685 873167 881299 853997 
476486 58708 512346 562257 662285 687739 58713 659877 434683 725441 
828199 655935 521232 97148 720498 423789 689280 9745 609766 180402 
441706 495512 332475 347282 958631 913095 626009 277316 786263 507309 
131314 262749 566017 643661 825006 228303 331400 883720 888181 766084 
609162 716380 422020 130395 813528 142518 554184 502809 152263 163951 
683211 593970 659464 15687 941252 618095 928783 567262 895412 715046 
74571 26726 977795 640589 670387 802802 868892 1788 686523 757074 
767873 295686 473454 189893 426081 286983 332412 980265 789793 484676 
144217 473004 78646 803681 488692 19899 421777 417475 587161 317189 
132522 661733 343916 110317 302322 14304 913120 171215 16093 599643 
928289 783966 895329 401744 973860 321411 688728 306272 301677 478521 
790948 445894 951526 869595 249576 440218 889494 671353 857694 476655 
988543 990217 138389 332459 100534 440711 346764 13655 611927 362857 
613299 540216 146824 508629 941961 120684 830040 630689 426957 131717 
109210 217906 577612 60736 87501 827188 500955 976995 498542 358650 
453651 487086 348867 592040 819546 449402 32751 166310 463057 644679 
529168 76356 184896 675992 584986 126857 796676 415026 757547 223634 
546744 866758 441540 124356 927494 529041 951545 428450 506036 450088 
787100 959688 937174 135968 551728 756721 585370 584480 923032 48428 
229159 452200 124785 414055 128192 709771 540913 924869 124797 298461 
148503 671542 165219 590043 795898 92713 119084 747444 521164 625121 
197532 308264 584810 134707 444233 136538 891429 29603 721019 814461 
78031 950179 266661 202816 364235 394854 912587 905148 319723 37385 
203609 468226 708927 368829 58270 504826 461542 177354 252270 982707 
802476 449803 290971 387286 584511 735204 523825 475940 764808 244845 
290401 842840 195024 557063 45656 559259 951917 958244 464408 271641 
995630 668017 739868 704557 36846 798138 209384 498389 975493 461654 
481096 777969 911458 772068 165256 495969 507273 689082 971910 272082 
933927 262312 114922 128952 819375 160579 688211 771293 118824 152619 
42935 114454 820637 782803 819012 857484 580941 28396 355874 556434 
490051 836971 334404 401509 609039 499661 897478 116313 188744 869388 
388396 122671 131700 503318 251624 951076 663898 939835 722370 782722 
92454 765305 897176 913092 548108 716188 770576 129049 744585 126450 
685483 234636 963421 19888 636145 572461 519549 533624 688775 708293 
403012 77171 830965 534713 580490 82590 485789 244388 22425 208160 
27110 114880 973465 924287 27972 521573 640476 798548 650622 385061 
924999 